7256	2478	8
-0.7072453498840332	5.713674068450928	0.03767266497015953	0.5146220326423645	0.3434102535247803	1.0	7	0.0	0	0.0	0	-0.995168924331665	0.0	-0.09817834198474884	0.0	1.0	0.0	0.09817834198474884	0.0	-0.995168924331665
-0.6927818655967712	4.640441417694092	-0.10893410444259644	0.34341028332710266	0.354110985994339	0.5	7	0.5	0	0.0	0	-0.995168924331665	0.0	-0.09817834198474884	0.0	1.0	0.0	0.09817834198474884	0.0	-0.995168924331665
-0.7072453498840332	4.640441417694092	0.03767266497015953	0.34341028332710266	0.3434102535247803	0.5	7	0.5	0	0.0	0	-0.995168924331665	0.0	-0.09817834198474884	0.0	1.0	0.0	0.09817834198474884	0.0	-0.995168924331665
-0.5803875923156738	4.640441417694092	0.45517340302467346	0.8475783467292786	0.5986598134040833	0.5	7	0.5	0	0.0	0	0.0	-1.0	0.0	-0.9570748805999756	0.0	0.2898407280445099	-0.2898407280445099	0.0	-0.9570748805999756
-0.6499472260475159	4.640441417694092	0.3252521753311157	0.8507212996482849	0.5828589797019958	0.5	7	0.5	0	0.0	0	0.0	-1.0	0.0	-0.9570749402046204	0.0	0.2898407578468323	-0.2898407578468323	0.0	-0.9570749402046204
-0.5803875923156738	4.640441417694092	-0.3798280954360962	0.8210708498954773	0.5112764835357666	0.5	7	0.5	0	0.0	0	0.0	-1.0	0.0	-0.9570748805999756	0.0	0.2898407578468323	-0.2898407578468323	0.0	-0.9570748805999756
-0.6927818655967712	5.713674068450928	0.1842794269323349	0.5146220326423645	0.6751331090927124	1.0	7	0.0	0	0.0	0	-0.9951688647270203	0.0	0.09817834198474884	0.0	1.0	0.0	-0.09817834198474884	0.0	-0.9951688647270203
-0.7072453498840332	4.640441417694092	0.03767266497015953	0.34341028332710266	0.6858338117599487	0.5	7	0.5	0	0.0	0	-0.9951688647270203	0.0	0.09817834198474884	0.0	1.0	0.0	-0.09817834198474884	0.0	-0.9951688647270203
-0.6927818655967712	4.640441417694092	0.1842794269323349	0.34341028332710266	0.6751331090927124	0.5	7	0.5	0	0.0	0	-0.9951688647270203	0.0	0.09817834198474884	0.0	1.0	0.0	-0.09817834198474884	0.0	-0.9951688647270203
-0.6499472260475159	5.713674068450928	0.3252521753311157	0.5146220326423645	0.6644323468208313	1.0	7	0.0	0	0.0	0	-0.9568063020706177	0.0	0.29072609543800354	0.0	1.0	0.0	-0.29072609543800354	0.0	-0.9568063020706177
-0.6927818655967712	4.640441417694092	0.1842794269323349	0.34341028332710266	0.6751331090927124	0.5	7	0.5	0	0.0	0	-0.9568063020706177	0.0	0.29072609543800354	0.0	1.0	0.0	-0.29072609543800354	0.0	-0.9568063020706177
-0.6499472260475159	4.640441417694092	0.3252521753311157	0.34341028332710266	0.6644323468208313	0.5	7	0.5	0	0.0	0	-0.9568063020706177	0.0	0.29072609543800354	0.0	1.0	0.0	-0.29072609543800354	0.0	-0.9568063020706177
-0.4867760241031647	5.713674068450928	-0.49370497465133667	0.6718696355819702	0.7763327360153198	1.0	7	0.0	0	0.0	0	0.0	1.0	0.0	0.7735257148742676	0.0	0.633764922618866	0.633764922618866	0.0	-0.7735257148742676
-0.5803875923156738	5.713674068450928	-0.3798280954360962	0.6718696355819702	0.760222315788269	1.0	7	0.0	0	0.0	0	0.0	1.0	0.0	0.7735257148742676	0.0	0.633764922618866	0.633764922618866	0.0	-0.7735257148742676
-0.4867759644985199	5.713674068450928	0.5690502524375916	0.7456003427505493	0.6864916682243347	1.0	7	0.0	0	0.0	0	0.0	1.0	0.0	0.7735257148742676	0.0	0.633764922618866	0.633764922618866	0.0	-0.7735257148742676
-0.5803875923156738	5.713674068450928	0.45517340302467346	0.5146220326423645	0.653731644153595	1.0	7	0.0	0	0.0	0	-0.8815958499908447	0.0	0.47200509905815125	3.610179533097835e-07	1.0	6.742976665918832e-07	-0.47200509905815125	7.648603173038282e-07	-0.8815958499908447
-0.6499472260475159	4.640441417694092	0.3252521753311157	0.34341028332710266	0.6644323468208313	0.5	7	0.5	0	0.0	0	-0.8815958499908447	0.0	0.47200509905815125	3.610179533097835e-07	1.0	6.742976665918832e-07	-0.47200509905815125	7.648603173038282e-07	-0.8815958499908447
-0.5803875923156738	4.640441417694092	0.45517340302467346	0.34341028332710266	0.6537315845489502	0.5	7	0.5	0	0.0	0	-0.8815958499908447	0.0	0.47200509905815125	3.610179533097835e-07	1.0	6.742976097484643e-07	-0.47200509905815125	7.648602604604093e-07	-0.8815958499908447
-0.4867759644985199	5.713674068450928	0.5690502524375916	0.5146220326423645	0.6430308818817139	1.0	7	0.0	0	0.0	0	-0.7724935412406921	0.0	0.6350226402282715	0.0	1.0	0.0	-0.6350226402282715	0.0	-0.7724935412406921
-0.5803875923156738	4.640441417694092	0.45517340302467346	0.34341028332710266	0.6537315845489502	0.5	7	0.5	0	0.0	0	-0.7724935412406921	0.0	0.6350226402282715	0.0	1.0	0.0	-0.6350226402282715	0.0	-0.7724936008453369
-0.4867759644985199	4.640441417694092	0.5690502524375916	0.34341028332710266	0.6430308818817139	0.5	7	0.5	0	0.0	0	-0.7724935412406921	0.0	0.6350226402282715	0.0	1.0	0.0	-0.6350226402282715	0.0	-0.7724935412406921
-0.3727099597454071	5.713674068450928	0.662506639957428	0.5146220326423645	0.6323301196098328	1.0	7	0.0	0	0.0	0	-0.6337643265724182	0.0	0.7735261917114258	0.0	1.0	0.0	-0.7735261917114258	0.0	-0.6337643265724182
-0.4867759644985199	4.640441417694092	0.5690502524375916	0.34341028332710266	0.6430308818817139	0.5	7	0.5	0	0.0	0	-0.6337643265724182	0.0	0.7735261917114258	0.0	1.0	0.0	-0.7735261917114258	0.0	-0.6337643265724182
-0.3727099597454071	4.640441417694092	0.662506639957428	0.34341028332710266	0.6323301196098328	0.5	7	0.5	0	0.0	0	-0.6337643265724182	0.0	0.7735261917114258	0.0	1.0	0.0	-0.7735261917114258	0.0	-0.6337643265724182
-0.24257305264472961	5.713674068450928	0.7319509387016296	0.5146220326423645	0.6216294169425964	1.0	7	0.0	0	0.0	0	-0.47078850865364075	0.0	0.8822461366653442	0.0	1.0	0.0	-0.8822461366653442	0.0	-0.47078850865364075
-0.3727099597454071	4.640441417694092	0.662506639957428	0.34341028332710266	0.6323301196098328	0.5	7	0.5	0	0.0	0	-0.47078850865364075	0.0	0.8822461366653442	0.0	1.0	0.0	-0.8822461366653442	0.0	-0.47078850865364075
-0.24257305264472961	4.640441417694092	0.7319509387016296	0.34341028332710266	0.6216294169425964	0.5	7	0.5	0	0.0	0	-0.47078850865364075	0.0	0.8822461366653442	0.0	1.0	0.0	-0.8822461366653442	0.0	-0.47078850865364075
-0.10136616230010986	5.713674068450928	0.7747145891189575	0.5146220326423645	0.6109286546707153	1.0	7	0.0	0	0.0	0	-0.2898440361022949	0.0	0.957073986530304	0.0	1.0	0.0	-0.957073986530304	0.0	-0.2898440361022949
-0.24257305264472961	4.640441417694092	0.7319509387016296	0.34341028332710266	0.6216294169425964	0.5	7	0.5	0	0.0	0	-0.2898440361022949	0.0	0.957073986530304	0.0	1.0	0.0	-0.957073986530304	0.0	-0.2898440361022949
-0.10136616230010986	4.640441417694092	0.7747145891189575	0.34341028332710266	0.6109286546707153	0.5	7	0.5	0	0.0	0	-0.2898440361022949	0.0	0.957073986530304	0.0	1.0	0.0	-0.957073986530304	0.0	-0.2898440361022949
0.045484043657779694	5.713674068450928	0.7891541123390198	0.5146220326423645	0.600227952003479	1.0	7	0.0	0	0.0	0	-0.09785632789134979	0.0	0.9952005743980408	0.0	1.0	0.0	-0.9952005743980408	0.0	-0.09785632789134979
-0.10136616230010986	4.640441417694092	0.7747145891189575	0.34341028332710266	0.6109286546707153	0.5	7	0.5	0	0.0	0	-0.09785632789134979	0.0	0.9952005743980408	0.0	1.0	0.0	-0.9952005743980408	0.0	-0.09785632789134979
0.045484043657779694	4.640441417694092	0.7891541123390198	0.34341028332710266	0.600227952003479	0.5	7	0.5	0	0.0	0	-0.09785632789134979	0.0	0.9952005743980408	0.0	1.0	0.0	-0.9952005743980408	0.0	-0.09785632789134979
0.19233426451683044	5.713674068450928	0.7747145891189575	0.5146220326423645	0.5895271897315979	1.0	7	0.0	0	0.0	0	0.0978563204407692	0.0	0.9952006340026855	0.0	1.0	0.0	-0.9952006340026855	0.0	0.0978563204407692
0.045484043657779694	4.640441417694092	0.7891541123390198	0.34341028332710266	0.600227952003479	0.5	7	0.5	0	0.0	0	0.0978563204407692	0.0	0.9952006340026855	0.0	1.0	0.0	-0.9952006340026855	0.0	0.0978563204407692
0.19233426451683044	4.640441417694092	0.7747145891189575	0.34341028332710266	0.5895271897315979	0.5	7	0.5	0	0.0	0	0.0978563204407692	0.0	0.9952006340026855	0.0	1.0	0.0	-0.9952006340026855	0.0	0.0978563204407692
0.3335411250591278	5.713674068450928	0.7319509387016296	0.5146220326423645	0.5788264274597168	1.0	7	0.0	0	0.0	0	0.2898440659046173	0.0	0.9570738673210144	0.0	1.0	0.0	-0.9570738673210144	0.0	0.2898440659046173
0.19233426451683044	4.640441417694092	0.7747145891189575	0.34341028332710266	0.5895271897315979	0.5	7	0.5	0	0.0	0	0.2898440659046173	0.0	0.9570738673210144	0.0	1.0	0.0	-0.9570738673210144	0.0	0.2898440659046173
0.3335411250591278	4.640441417694092	0.7319509387016296	0.34341028332710266	0.5788264274597168	0.5	7	0.5	0	0.0	0	0.2898440659046173	0.0	0.9570738673210144	0.0	1.0	0.0	-0.9570738673210144	0.0	0.2898440659046173
0.4636780917644501	5.713674068450928	0.662506639957428	0.5146220326423645	0.5681257247924805	1.0	7	0.0	0	0.0	0	0.4707883298397064	0.0	0.882246196269989	0.0	1.0	0.0	-0.882246196269989	0.0	0.4707883298397064
0.3335411250591278	4.640441417694092	0.7319509387016296	0.34341028332710266	0.5788264274597168	0.5	7	0.5	0	0.0	0	0.4707883298397064	0.0	0.882246196269989	0.0	1.0	0.0	-0.882246196269989	0.0	0.4707883298397064
0.4636780917644501	4.640441417694092	0.662506639957428	0.34341028332710266	0.5681257247924805	0.5	7	0.5	0	0.0	0	0.4707883298397064	0.0	0.882246196269989	0.0	1.0	0.0	-0.882246196269989	0.0	0.4707883298397064
0.5777441263198853	5.713674068450928	0.5690502524375916	0.5146220326423645	0.5574249625205994	1.0	7	0.0	0	0.0	0	0.6337642669677734	0.0	0.7735263109207153	0.0	1.0	0.0	-0.7735263109207153	0.0	0.6337642669677734
0.4636780917644501	4.640441417694092	0.662506639957428	0.34341028332710266	0.5681257247924805	0.5	7	0.5	0	0.0	0	0.6337642669677734	0.0	0.7735263109207153	0.0	1.0	0.0	-0.7735263109207153	0.0	0.6337642669677734
0.5777441263198853	4.640441417694092	0.5690502524375916	0.34341028332710266	0.5574249625205994	0.5	7	0.5	0	0.0	0	0.6337642669677734	0.0	0.7735263109207153	0.0	1.0	0.0	-0.7735263109207153	0.0	0.6337642669677734
0.6713556051254272	5.713674068450928	0.4551733434200287	0.5146220326423645	0.546724259853363	1.0	7	0.0	0	0.0	0	0.7724941968917847	0.0	0.6350218057632446	0.0	1.0	0.0	-0.6350218057632446	0.0	0.7724941968917847
0.5777441263198853	4.640441417694092	0.5690502524375916	0.34341028332710266	0.5574249625205994	0.5	7	0.5	0	0.0	0	0.7724941968917847	0.0	0.6350218057632446	0.0	1.0	0.0	-0.6350218057632446	0.0	0.7724941968917847
0.6713556051254272	4.640441417694092	0.4551733434200287	0.34341028332710266	0.546724259853363	0.5	7	0.5	0	0.0	0	0.7724941968917847	0.0	0.6350218057632446	0.0	1.0	0.0	-0.6350218057632446	0.0	0.7724941968917847
0.7409152388572693	5.713674068450928	0.32525211572647095	0.5146220326423645	0.5360234975814819	1.0	7	0.0	0	0.0	0	0.8815958499908447	0.0	0.47200509905815125	0.0	1.0	0.0	-0.47200509905815125	0.0	0.8815958499908447
0.6713556051254272	4.640441417694092	0.4551733434200287	0.34341028332710266	0.546724259853363	0.5	7	0.5	0	0.0	0	0.8815958499908447	0.0	0.47200509905815125	0.0	1.0	0.0	-0.47200509905815125	0.0	0.8815958499908447
0.7409152388572693	4.640441417694092	0.32525211572647095	0.34341028332710266	0.5360234975814819	0.5	7	0.5	0	0.0	0	0.8815958499908447	0.0	0.47200509905815125	0.0	1.0	0.0	-0.47200509905815125	0.0	0.8815958499908447
0.7837499380111694	5.713674068450928	0.18427936732769012	0.5146220326423645	0.5253227949142456	1.0	7	0.0	0	0.0	0	0.9568061828613281	0.0	0.2907264530658722	0.0	1.0	0.0	-0.2907264530658722	0.0	0.9568061828613281
0.7409152388572693	4.640441417694092	0.32525211572647095	0.34341028332710266	0.5360234975814819	0.5	7	0.5	0	0.0	0	0.9568061828613281	0.0	0.2907264530658722	0.0	1.0	0.0	-0.2907264530658722	0.0	0.9568061828613281
0.7837499380111694	4.640441417694092	0.18427936732769012	0.34341028332710266	0.5253227949142456	0.5	7	0.5	0	0.0	0	0.9568061828613281	0.0	0.2907264530658722	0.0	1.0	0.0	-0.2907264530658722	0.0	0.9568061828613281
0.7982134222984314	5.713674068450928	0.03767260164022446	0.5146220326423645	0.5146220326423645	1.0	7	0.0	0	0.0	0	0.995168924331665	0.0	0.09817834198474884	0.0	1.0	0.0	-0.09817834198474884	0.0	0.995168924331665
0.7837499380111694	4.640441417694092	0.18427936732769012	0.34341028332710266	0.5253227949142456	0.5	7	0.5	0	0.0	0	0.995168924331665	0.0	0.09817834198474884	0.0	1.0	0.0	-0.09817834198474884	0.0	0.995168924331665
0.7982134222984314	4.640441417694092	0.03767260164022446	0.34341028332710266	0.5146220326423645	0.5	7	0.5	0	0.0	0	0.995168924331665	0.0	0.09817834198474884	0.0	1.0	0.0	-0.09817834198474884	0.0	0.995168924331665
0.7837499380111694	5.713674068450928	-0.10893417149782181	0.5146220326423645	0.5039213299751282	1.0	7	0.0	0	0.0	0	0.995168924331665	0.0	-0.09817834198474884	0.0	1.0	0.0	0.09817834198474884	0.0	0.995168924331665
0.7982134222984314	4.640441417694092	0.03767260164022446	0.34341028332710266	0.5146220326423645	0.5	7	0.5	0	0.0	0	0.995168924331665	0.0	-0.09817834198474884	0.0	1.0	0.0	0.09817834198474884	0.0	0.995168924331665
0.7837499380111694	4.640441417694092	-0.10893417149782181	0.34341028332710266	0.5039213299751282	0.5	7	0.5	0	0.0	0	0.995168924331665	0.0	-0.09817834198474884	0.0	1.0	0.0	0.09817834198474884	0.0	0.995168924331665
0.7409152388572693	5.713674068450928	-0.24990689754486084	0.5146220326423645	0.49322056770324707	1.0	7	0.0	0	0.0	0	0.9568061828613281	0.0	-0.2907264530658722	0.0	1.0	0.0	0.2907264530658722	0.0	0.9568061828613281
0.7837499380111694	4.640441417694092	-0.10893417149782181	0.34341028332710266	0.5039213299751282	0.5	7	0.5	0	0.0	0	0.9568061828613281	0.0	-0.2907264530658722	0.0	1.0	0.0	0.2907264530658722	0.0	0.9568061828613281
0.7409152388572693	4.640441417694092	-0.24990689754486084	0.34341028332710266	0.49322056770324707	0.5	7	0.5	0	0.0	0	0.9568061828613281	0.0	-0.2907264530658722	0.0	1.0	0.0	0.2907264530658722	0.0	0.9568061828613281
0.6713556051254272	5.713674068450928	-0.37982815504074097	0.5146220326423645	0.48251983523368835	1.0	7	0.0	0	0.0	0	0.8815958499908447	0.0	-0.4720050096511841	0.0	1.0	0.0	0.4720050096511841	0.0	0.8815958499908447
0.7409152388572693	4.640441417694092	-0.24990689754486084	0.34341028332710266	0.49322056770324707	0.5	7	0.5	0	0.0	0	0.8815958499908447	0.0	-0.4720050096511841	0.0	1.0	0.0	0.4720050096511841	0.0	0.8815958499908447
0.6713556051254272	4.640441417694092	-0.37982815504074097	0.34341028332710266	0.48251983523368835	0.5	7	0.5	0	0.0	0	0.8815958499908447	0.0	-0.4720050096511841	0.0	1.0	0.0	0.4720050096511841	0.0	0.8815958499908447
0.5777441263198853	5.713674068450928	-0.49370503425598145	0.5146220326423645	0.47181910276412964	1.0	7	0.0	0	0.0	0	0.7724941372871399	0.0	-0.6350219249725342	0.0	1.0	0.0	0.6350219249725342	0.0	0.7724941372871399
0.6713556051254272	4.640441417694092	-0.37982815504074097	0.34341028332710266	0.48251983523368835	0.5	7	0.5	0	0.0	0	0.7724941372871399	0.0	-0.6350219249725342	0.0	1.0	0.0	0.6350219249725342	0.0	0.7724941968917847
0.5777441263198853	4.640441417694092	-0.49370503425598145	0.34341028332710266	0.47181910276412964	0.5	7	0.5	0	0.0	0	0.7724941372871399	0.0	-0.6350219249725342	0.0	1.0	0.0	0.6350219249725342	0.0	0.7724941372871399
0.4636780321598053	5.713674068450928	-0.5871613621711731	0.5146220326423645	0.4611183702945709	1.0	7	0.0	0	0.0	0	0.6337637901306152	0.0	-0.7735266089439392	0.0	1.0	0.0	0.7735266089439392	0.0	0.6337637901306152
0.5777441263198853	4.640441417694092	-0.49370503425598145	0.34341028332710266	0.47181910276412964	0.5	7	0.5	0	0.0	0	0.6337637901306152	0.0	-0.7735266089439392	0.0	1.0	0.0	0.7735266089439392	0.0	0.6337637901306152
0.4636780321598053	4.640441417694092	-0.5871613621711731	0.34341028332710266	0.4611183702945709	0.5	7	0.5	0	0.0	0	0.6337637901306152	0.0	-0.7735266089439392	0.0	1.0	0.0	0.7735266089439392	0.0	0.6337637901306152
0.33354106545448303	5.713674068450928	-0.6566056609153748	0.5146220326423645	0.4504176080226898	1.0	7	0.0	0	0.0	0	0.4707883298397064	0.0	-0.882246196269989	0.0	1.0	0.0	0.882246196269989	0.0	0.4707883298397064
0.4636780321598053	4.640441417694092	-0.5871613621711731	0.34341028332710266	0.4611183702945709	0.5	7	0.5	0	0.0	0	0.4707883298397064	0.0	-0.882246196269989	0.0	1.0	0.0	0.882246196269989	0.0	0.4707883298397064
0.33354106545448303	4.640441417694092	-0.6566056609153748	0.34341028332710266	0.4504176080226898	0.5	7	0.5	0	0.0	0	0.4707883298397064	0.0	-0.882246196269989	0.0	1.0	0.0	0.882246196269989	0.0	0.4707883298397064
0.19233420491218567	5.713674068450928	-0.6993693113327026	0.5146220326423645	0.4397168755531311	1.0	7	0.0	0	0.0	0	0.2898440659046173	0.0	-0.9570738673210144	0.0	1.0	0.0	0.9570738673210144	0.0	0.2898440659046173
0.33354106545448303	4.640441417694092	-0.6566056609153748	0.34341028332710266	0.4504176080226898	0.5	7	0.5	0	0.0	0	0.2898440659046173	0.0	-0.9570738673210144	0.0	1.0	0.0	0.9570738673210144	0.0	0.2898440659046173
0.19233420491218567	4.640441417694092	-0.6993693113327026	0.34341028332710266	0.4397168755531311	0.5	7	0.5	0	0.0	0	0.2898440659046173	0.0	-0.9570738673210144	0.0	1.0	0.0	0.9570738673210144	0.0	0.2898440659046173
0.04548398032784462	5.713674068450928	-0.7138088345527649	0.5146220326423645	0.4290161430835724	1.0	7	0.0	0	0.0	0	0.0978563204407692	0.0	-0.9952006340026855	0.0	1.0	0.0	0.9952006340026855	0.0	0.0978563204407692
0.19233420491218567	4.640441417694092	-0.6993693113327026	0.34341028332710266	0.4397168755531311	0.5	7	0.5	0	0.0	0	0.0978563204407692	0.0	-0.9952006340026855	0.0	1.0	0.0	0.9952006340026855	0.0	0.0978563204407692
0.04548398032784462	4.640441417694092	-0.7138088345527649	0.34341028332710266	0.4290161430835724	0.5	7	0.5	0	0.0	0	0.0978563204407692	0.0	-0.9952006340026855	0.0	1.0	0.0	0.9952006340026855	0.0	0.0978563204407692
-0.10136622935533524	5.713674068450928	-0.6993693113327026	0.5146220326423645	0.41831541061401367	1.0	7	0.0	0	0.0	0	-0.09785632789134979	0.0	-0.9952006340026855	0.0	1.0	0.0	0.9952006340026855	0.0	-0.09785632789134979
0.04548398032784462	4.640441417694092	-0.7138088345527649	0.34341028332710266	0.4290161430835724	0.5	7	0.5	0	0.0	0	-0.09785632789134979	0.0	-0.9952006340026855	0.0	1.0	0.0	0.9952006340026855	0.0	-0.09785632789134979
-0.10136622935533524	4.640441417694092	-0.6993693113327026	0.34341028332710266	0.41831541061401367	0.5	7	0.5	0	0.0	0	-0.09785632789134979	0.0	-0.9952006340026855	0.0	1.0	0.0	0.9952006340026855	0.0	-0.09785632789134979
-0.2425731122493744	5.713674068450928	-0.6566056609153748	0.5146220326423645	0.40761467814445496	1.0	7	0.0	0	0.0	0	-0.2898440361022949	0.0	-0.957073986530304	0.0	1.0	0.0	0.957073986530304	0.0	-0.2898440361022949
-0.10136622935533524	4.640441417694092	-0.6993693113327026	0.34341028332710266	0.41831541061401367	0.5	7	0.5	0	0.0	0	-0.2898440361022949	0.0	-0.957073986530304	0.0	1.0	0.0	0.957073986530304	0.0	-0.2898440361022949
-0.2425731122493744	4.640441417694092	-0.6566056609153748	0.34341028332710266	0.40761467814445496	0.5	7	0.5	0	0.0	0	-0.2898440361022949	0.0	-0.957073986530304	0.0	1.0	0.0	0.957073986530304	0.0	-0.2898440361022949
-0.3727100193500519	5.713674068450928	-0.5871613621711731	0.5146220326423645	0.39691394567489624	1.0	7	0.0	0	0.0	0	-0.47078850865364075	0.0	-0.8822461366653442	0.0	1.0	0.0	0.8822461366653442	0.0	-0.47078850865364075
-0.2425731122493744	4.640441417694092	-0.6566056609153748	0.34341028332710266	0.40761467814445496	0.5	7	0.5	0	0.0	0	-0.47078850865364075	0.0	-0.8822461366653442	0.0	1.0	0.0	0.8822461366653442	0.0	-0.47078850865364075
-0.3727100193500519	4.640441417694092	-0.5871613621711731	0.34341028332710266	0.39691394567489624	0.5	7	0.5	0	0.0	0	-0.47078850865364075	0.0	-0.8822461366653442	0.0	1.0	0.0	0.8822461366653442	0.0	-0.47078850865364075
-0.4867760241031647	5.713674068450928	-0.49370497465133667	0.5146220326423645	0.3862132132053375	1.0	7	0.0	0	0.0	0	-0.6337643265724182	0.0	-0.7735261917114258	0.0	1.0	0.0	0.7735261917114258	0.0	-0.6337643265724182
-0.3727100193500519	4.640441417694092	-0.5871613621711731	0.34341028332710266	0.39691394567489624	0.5	7	0.5	0	0.0	0	-0.6337643265724182	0.0	-0.7735261917114258	0.0	1.0	0.0	0.7735261917114258	0.0	-0.6337643265724182
-0.4867760241031647	4.640441417694092	-0.49370497465133667	0.34341028332710266	0.3862132132053375	0.5	7	0.5	0	0.0	0	-0.6337643265724182	0.0	-0.7735261917114258	0.0	1.0	0.0	0.7735261917114258	0.0	-0.6337643265724182
-0.5803875923156738	5.713674068450928	-0.3798280954360962	0.5146220326423645	0.3755124807357788	1.0	7	0.0	0	0.0	0	-0.7724938988685608	0.0	-0.6350222826004028	0.0	1.0	0.0	0.6350222826004028	0.0	-0.7724938988685608
-0.4867760241031647	4.640441417694092	-0.49370497465133667	0.34341028332710266	0.3862132132053375	0.5	7	0.5	0	0.0	0	-0.7724938988685608	0.0	-0.6350222826004028	0.0	1.0	0.0	0.6350223422050476	0.0	-0.7724938988685608
-0.5803875923156738	4.640441417694092	-0.3798280954360962	0.34341028332710266	0.3755124807357788	0.5	7	0.5	0	0.0	0	-0.7724938988685608	0.0	-0.6350222826004028	0.0	1.0	0.0	0.6350222826004028	0.0	-0.7724938988685608
-0.6499472260475159	5.713674068450928	-0.24990683794021606	0.5146220326423645	0.3648117184638977	1.0	7	0.0	0	0.0	0	-0.8815958499908447	0.0	-0.4720050096511841	0.0	1.0	0.0	0.4720050096511841	0.0	-0.8815958499908447
-0.5803875923156738	4.640441417694092	-0.3798280954360962	0.34341028332710266	0.3755124807357788	0.5	7	0.5	0	0.0	0	-0.8815958499908447	0.0	-0.4720050096511841	0.0	1.0	0.0	0.4720050096511841	0.0	-0.8815958499908447
-0.6499472260475159	4.640441417694092	-0.24990683794021606	0.34341028332710266	0.3648117184638977	0.5	7	0.5	0	0.0	0	-0.8815958499908447	0.0	-0.4720050096511841	0.0	1.0	0.0	0.4720050096511841	0.0	-0.8815958499908447
-0.6927818655967712	5.713674068450928	-0.10893410444259644	0.5146220326423645	0.354110985994339	1.0	7	0.0	0	0.0	0	-0.9568063616752625	0.0	-0.2907261252403259	0.0	1.0	0.0	0.2907261252403259	0.0	-0.9568063616752625
-0.6499472260475159	4.640441417694092	-0.24990683794021606	0.34341028332710266	0.3648117184638977	0.5	7	0.5	0	0.0	0	-0.9568063616752625	0.0	-0.2907261252403259	0.0	1.0	0.0	0.2907261252403259	0.0	-0.9568063616752625
-0.6927818655967712	4.640441417694092	-0.10893410444259644	0.34341028332710266	0.354110985994339	0.5	7	0.5	0	0.0	0	-0.9568063616752625	0.0	-0.2907261252403259	0.0	1.0	0.0	0.2907261252403259	0.0	-0.9568063616752625
-1.03902268409729	2.5155866146087646	-8.959405306541157e-08	0.08593478053808212	0.600227952003479	1.0	1	0.0	0	0.0	0	-0.6332247257232666	0.77158522605896	-0.06068674474954605	-0.7576733827590942	-0.6339893937110901	-0.15488238632678986	-0.15797969698905945	-0.05209461972117424	0.9860672354698181
-0.8006690740585327	2.6983256340026855	-0.16367147862911224	0.06453332304954529	0.5895271897315979	1.0	1	0.0	0	0.0	0	-0.6332247257232666	0.77158522605896	-0.06068674474954605	-0.7576733827590942	-0.6339893937110901	-0.15488238632678986	-0.15797969698905945	-0.05209461972117424	0.9860672354698181
-1.019058346748352	2.5155866146087646	-0.20831426978111267	0.08593478053808212	0.5895271897315979	1.0	1	0.0	0	0.0	0	-0.6332247257232666	0.77158522605896	-0.06068674474954605	-0.7576733827590942	-0.6339893937110901	-0.15488238632678986	-0.15797969698905945	-0.05209461972117424	0.9860672354698181
-0.8163551092147827	2.6983256340026855	3.56840139659198e-08	0.06453332304954529	0.600227952003479	1.0	1	0.0	0	0.0	0	-0.47091609239578247	0.8810228109359741	-0.04513183608651161	-0.8642579317092896	-0.47100529074668884	-0.17667019367218018	-0.17690779268741608	-0.044191282242536545	0.9832348227500916
-0.5515105128288269	2.8341126441955566	-0.11273888498544693	0.04313185065984726	0.5895271897315979	1.0	1	0.0	0	0.0	0	-0.47091609239578247	0.8810228109359741	-0.04513183608651161	-0.8642578721046448	-0.47100526094436646	-0.17667019367218018	-0.17690779268741608	-0.04419128969311714	0.9832348823547363
-0.8006690740585327	2.6983256340026855	-0.16367147862911224	0.06453332304954529	0.5895271897315979	1.0	1	0.0	0	0.0	0	-0.47091609239578247	0.8810228109359741	-0.04513183608651161	-0.8642578721046448	-0.47100526094436646	-0.17667019367218018	-0.17690779268741608	-0.04419128969311714	0.9832348823547363
-0.551510214805603	2.8341126441955566	0.11273875832557678	0.04313183203339577	0.6109287142753601	1.0	1	0.0	0	0.0	0	-0.4709165394306183	0.8810225129127502	0.04513465240597725	-0.8642569184303284	-0.47100603580474854	0.1766725480556488	0.17691117525100708	0.04419007897377014	0.9832342863082886
-0.8163551092147827	2.6983256340026855	3.56840139659198e-08	0.06453332304954529	0.600227952003479	1.0	1	0.0	0	0.0	0	-0.4709165394306183	0.8810225129127502	0.04513465240597725	-0.8642569184303284	-0.47100603580474854	0.1766725480556488	0.17691117525100708	0.04419007897377014	0.9832342863082886
-0.8006681799888611	2.6983256340026855	0.16367103159427643	0.06453326344490051	0.6109286546707153	1.0	1	0.0	0	0.0	0	-0.4709165394306183	0.8810225129127502	0.04513465240597725	-0.8642569780349731	-0.4710060656070709	0.1766725480556488	0.17691119015216827	0.04419007897377014	0.9832343459129333
-0.8006681799888611	2.6983256340026855	0.16367103159427643	0.06453326344490051	0.6109286546707153	1.0	1	0.0	0	0.0	0	-0.6332234740257263	0.7715861797332764	0.06068733334541321	-0.7576748132705688	-0.6339884400367737	0.1548793762922287	0.15797783434391022	0.05209198594093323	0.9860676527023315
-1.03902268409729	2.5155866146087646	-8.959405306541157e-08	0.08593478053808212	0.600227952003479	1.0	1	0.0	0	0.0	0	-0.6332234740257263	0.7715861797332764	0.06068733334541321	-0.7576748728752136	-0.6339884400367737	0.1548793613910675	0.15797781944274902	0.05209198221564293	0.9860677123069763
-1.019058108329773	2.5155866146087646	0.2083141803741455	0.08593478053808212	0.6109287142753601	1.0	1	0.0	0	0.0	0	-0.6332234740257263	0.7715861797332764	0.06068733334541321	-0.7576748132705688	-0.6339884400367737	0.1548793613910675	0.15797781944274902	0.05209197849035263	0.9860676527023315
-0.5195112228393555	2.8341126441955566	0.2211451232433319	0.04313183203339577	0.6216294169425964	1.0	1	0.0	0	0.0	0	-0.4530211389064789	0.881413996219635	0.13372047245502472	-0.8121969699859619	-0.46989744901657104	0.34573447704315186	0.367570161819458	0.04801766574382782	0.9287554025650024
-0.8006681799888611	2.6983256340026855	0.16367103159427643	0.06453326344490051	0.6109286546707153	1.0	1	0.0	0	0.0	0	-0.4530211389064789	0.881413996219635	0.13372047245502472	-0.8121970295906067	-0.46989744901657104	0.34573450684547424	0.3675701916217804	0.048017680644989014	0.9287554025650024
-0.7542130947113037	2.6983256340026855	0.32105258107185364	0.06453326344490051	0.6216294169425964	1.0	1	0.0	0	0.0	0	-0.4530211389064789	0.881413996219635	0.13372047245502472	-0.8121969699859619	-0.46989744901657104	0.34573450684547424	0.367570161819458	0.04801765829324722	0.9287552833557129
-0.7542130947113037	2.6983256340026855	0.32105258107185364	0.06453326344490051	0.6216294169425964	1.0	1	0.0	0	0.0	0	-0.6093788743019104	0.7722063660621643	0.17987386882305145	-0.7124211192131042	-0.6328406929969788	0.30326375365257263	0.3480137288570404	0.05665659159421921	0.935775876045227
-1.019058108329773	2.5155866146087646	0.2083141803741455	0.08593478053808212	0.6109287142753601	1.0	1	0.0	0	0.0	0	-0.6093788743019104	0.7722063660621643	0.17987386882305145	-0.7124211192131042	-0.632840633392334	0.30326375365257263	0.348013699054718	0.05665656924247742	0.935775876045227
-0.9599317908287048	2.5155866146087646	0.40862300992012024	0.08593478053808212	0.6216294169425964	1.0	1	0.0	0	0.0	0	-0.6093788743019104	0.7722063660621643	0.17987386882305145	-0.7124211192131042	-0.6328406929969788	0.303263783454895	0.3480137586593628	0.056656599044799805	0.935775876045227
-0.467547744512558	2.8341126441955566	0.32105299830436707	0.04313183203339577	0.6323301792144775	1.0	1	0.0	0	0.0	0	-0.4178500175476074	0.8821391463279724	0.21732933819293976	-0.7283984422683716	-0.4682527184486389	0.5001751780509949	0.5429890751838684	0.05069584399461746	0.8382080793380737
-0.7542130947113037	2.6983256340026855	0.32105258107185364	0.06453326344490051	0.6216294169425964	1.0	1	0.0	0	0.0	0	-0.4178500175476074	0.8821391463279724	0.21732933819293976	-0.7283983826637268	-0.46825268864631653	0.5001751780509949	0.5429891347885132	0.050695858895778656	0.8382080793380737
-0.6787739396095276	2.6983256340026855	0.46609628200531006	0.06453326344490051	0.6323301196098328	1.0	1	0.0	0	0.0	0	-0.4178500175476074	0.8821391463279724	0.21732933819293976	-0.7283984422683716	-0.46825268864631653	0.5001751184463501	0.5429890751838684	0.05069582909345627	0.8382081985473633
-0.6787739396095276	2.6983256340026855	0.46609628200531006	0.06453326344490051	0.6323301196098328	1.0	1	0.0	0	0.0	0	-0.5624434947967529	0.7733569741249084	0.29253461956977844	-0.6394354104995728	-0.6311347484588623	0.439080148935318	0.5241943597793579	0.05990077555179596	0.8494893312454224
-0.9599317908287048	2.5155866146087646	0.40862300992012024	0.08593478053808212	0.6216294169425964	1.0	1	0.0	0	0.0	0	-0.5624434947967529	0.7733569741249084	0.29253461956977844	-0.6394354104995728	-0.6311347484588623	0.4390801191329956	0.5241943597793579	0.059900760650634766	0.8494893312454224
-0.8639158010482788	2.5155866146087646	0.5932287573814392	0.08593478053808212	0.6323301792144775	1.0	1	0.0	0	0.0	0	-0.5624434947967529	0.7733569741249084	0.29253461956977844	-0.6394354104995728	-0.6311347484588623	0.4390801191329956	0.5241943597793579	0.05990076810121536	0.8494893312454224
-0.3976166546344757	2.8341126441955566	0.40862298011779785	0.04313183203339577	0.6430308818817139	1.0	1	0.0	0	0.0	0	-0.3666430413722992	0.8830891251564026	0.2927911579608917	-0.6169165968894958	-0.4663350284099579	0.6339918375015259	0.6964099407196045	0.05182097852230072	0.7157707214355469
-0.6787739396095276	2.6983256340026855	0.46609628200531006	0.06453326344490051	0.6323301196098328	1.0	1	0.0	0	0.0	0	-0.3666430413722992	0.8830891251564026	0.2927911579608917	-0.6169165968894958	-0.4663350284099579	0.6339918375015259	0.6964099407196045	0.05182097852230072	0.7157707214355469
-0.5772498846054077	2.6983256340026855	0.5932281613349915	0.0645332857966423	0.6430308818817139	1.0	1	0.0	0	0.0	0	-0.3666430413722992	0.8830891251564026	0.2927911579608917	-0.6169165968894958	-0.4663350284099579	0.6339918375015259	0.6964099407196045	0.05182097852230072	0.7157707214355469
-0.5772498846054077	2.6983256340026855	0.5932281613349915	0.0645332857966423	0.6430308818817139	1.0	1	0.0	0	0.0	0	-0.49394893646240234	0.7748677134513855	0.394454687833786	-0.5420741438865662	-0.6291396617889404	0.5570807456970215	0.6798309683799744	0.06134574115276337	0.730798602104187
-0.8639158010482788	2.5155866146087646	0.5932287573814392	0.08593478053808212	0.6323301792144775	1.0	1	0.0	0	0.0	0	-0.49394893646240234	0.7748677134513855	0.394454687833786	-0.5420741438865662	-0.6291396617889404	0.5570806860923767	0.6798309087753296	0.06134571135044098	0.730798602104187
-0.7346999645233154	2.5155866146087646	0.7550370097160339	0.08593478053808212	0.6430308818817139	1.0	1	0.0	0	0.0	0	-0.49394893646240234	0.7748677134513855	0.394454687833786	-0.5420741438865662	-0.6291396617889404	0.5570806860923767	0.6798309087753296	0.06134571135044098	0.730798602104187
-0.31240543723106384	2.8341126441955566	0.4804897606372833	0.04313183203339577	0.653731644153595	1.0	1	0.0	0	0.0	0	-0.30124762654304504	0.8841207027435303	0.3571839928627014	-0.48273661732673645	-0.46444040536880493	0.7424691915512085	0.8223230838775635	0.05124129354953766	0.566709041595459
-0.5772498846054077	2.6983256340026855	0.5932281613349915	0.0645332857966423	0.6430308818817139	1.0	1	0.0	0	0.0	0	-0.30124762654304504	0.8841207027435303	0.3571839928627014	-0.48273658752441406	-0.46444037556648254	0.7424691915512085	0.8223230838775635	0.05124130845069885	0.5667089819908142
-0.4535423517227173	2.6983256340026855	0.6975626349449158	0.0645332857966423	0.6537315845489502	1.0	1	0.0	0	0.0	0	-0.30124762654304504	0.8841207027435303	0.3571839928627014	-0.48273658752441406	-0.46444037556648254	0.7424691915512085	0.8223230838775635	0.05124130845069885	0.5667089819908142
-0.4535423517227173	2.6983256340026855	0.6975626349449158	0.0645332857966423	0.6537315845489502	1.0	1	0.0	0	0.0	0	-0.40623417496681213	0.7765130400657654	0.48166513442993164	-0.42457032203674316	-0.6271639466285706	0.6529972553253174	0.8091439008712769	0.06076909601688385	0.5844597816467285
-0.7346999645233154	2.5155866146087646	0.7550370097160339	0.08593478053808212	0.6430308818817139	1.0	1	0.0	0	0.0	0	-0.40623417496681213	0.7765130400657654	0.48166513442993164	-0.42457035183906555	-0.6271639466285706	0.6529972553253174	0.8091439008712769	0.060769081115722656	0.5844598412513733
-0.577250063419342	2.5155866146087646	0.8878295421600342	0.08593478053808212	0.653731644153595	1.0	1	0.0	0	0.0	0	-0.40623417496681213	0.7765130400657654	0.48166513442993164	-0.42457032203674316	-0.6271639466285706	0.6529972553253174	0.8091439008712769	0.06076909601688385	0.5844597816467285
-0.2151886224746704	2.8341126441955566	0.5338916778564453	0.04313183203339577	0.6644323468208313	1.0	1	0.0	0	0.0	0	-0.22408954799175262	0.8850771188735962	0.40794894099235535	-0.3313797116279602	-0.4628523886203766	0.8221649527549744	0.9164994955062866	0.04905256628990173	0.3970170021057129
-0.4535423517227173	2.6983256340026855	0.6975626349449158	0.0645332857966423	0.6537315845489502	1.0	1	0.0	0	0.0	0	-0.22408954799175262	0.8850771188735962	0.40794894099235535	-0.3313797116279602	-0.4628523886203766	0.8221649527549744	0.9164994955062866	0.04905256628990173	0.3970170021057129
-0.3124054968357086	2.6983256340026855	0.775090217590332	0.0645332857966423	0.6644323468208313	1.0	1	0.0	0	0.0	0	-0.22408954799175262	0.8850771188735962	0.40794894099235535	-0.3313796818256378	-0.4628523588180542	0.8221649527549744	0.9164996147155762	0.049052588641643524	0.3970170021057129
-0.3124054968357086	2.6983256340026855	0.775090217590332	0.0645332857966423	0.6644323468208313	1.0	1	0.0	0	0.0	0	-0.30245399475097656	0.7780424952507019	0.5506102442741394	-0.2916722595691681	-0.6255031824111938	0.7236526608467102	0.9074409008026123	0.05827390402555466	0.4161193370819092
-0.577250063419342	2.5155866146087646	0.8878295421600342	0.08593478053808212	0.653731644153595	1.0	1	0.0	0	0.0	0	-0.30245399475097656	0.7780424952507019	0.5506102442741394	-0.2916722297668457	-0.6255031824111938	0.7236526608467102	0.9074409008026123	0.05827392637729645	0.4161192774772644
-0.39761674404144287	2.5155866146087646	0.9865033626556396	0.08593478053808212	0.6644323468208313	1.0	1	0.0	0	0.0	0	-0.30245399475097656	0.7780424952507019	0.5506102442741394	-0.2916722595691681	-0.6255031824111938	0.7236526608467102	0.9074409008026123	0.05827390402555466	0.4161193370819092
-0.10970224440097809	2.8341126441955566	0.5667763948440552	0.04313183203339577	0.6751331090927124	1.0	1	0.0	0	0.0	0	-0.13810820877552032	0.8858113288879395	0.44301751255989075	-0.16855211555957794	-0.46180012822151184	0.8708218932151794	0.9759694337844849	0.04559611156582832	0.21308377385139465
-0.3124054968357086	2.6983256340026855	0.775090217590332	0.0645332857966423	0.6644323468208313	1.0	1	0.0	0	0.0	0	-0.13810820877552032	0.8858113288879395	0.44301751255989075	-0.16855213046073914	-0.46180015802383423	0.8708219528198242	0.9759694933891296	0.04559611156582832	0.21308378875255585
-0.15926304459571838	2.6983256340026855	0.8228315114974976	0.0645332857966423	0.6751331090927124	1.0	1	0.0	0	0.0	0	-0.13810820877552032	0.8858113288879395	0.44301751255989075	-0.16855211555957794	-0.4618001878261566	0.870822012424469	0.9759694337844849	0.04559611901640892	0.21308374404907227
-0.15926304459571838	2.6983256340026855	0.8228315114974976	0.0645332857966423	0.6751331090927124	1.0	1	0.0	0	0.0	0	-0.18653221428394318	0.7792192697525024	0.5983504056930542	-0.14843088388442993	-0.624400794506073	0.7668715715408325	0.9711714386940002	0.05423257499933243	0.23213103413581848
-0.39761674404144287	2.5155866146087646	0.9865033626556396	0.08593478053808212	0.6644323468208313	1.0	1	0.0	0	0.0	0	-0.18653221428394318	0.7792192697525024	0.5983504056930542	-0.14843088388442993	-0.624400794506073	0.7668715715408325	0.9711714386940002	0.05423257499933243	0.23213103413581848
-0.20270328223705292	2.5155866146087646	1.0472664833068848	0.08593478053808212	0.6751331090927124	1.0	1	0.0	0	0.0	0	-0.18653221428394318	0.7792192697525024	0.5983504056930542	-0.14843086898326874	-0.6244007349014282	0.7668715119361877	0.971171498298645	0.05423257499933243	0.23213103413581848
-5.1375259602082224e-08	2.8341126441955566	0.5778802037239075	0.04313183203339577	0.6858338117599487	1.0	1	0.0	0	0.0	0	-0.04665436968207359	0.8862093091011047	0.4609299600124359	-4.439208396433969e-07	-0.46143245697021484	0.8871753811836243	0.9989111423492432	0.041390400379896164	0.021528232842683792
-0.15926304459571838	2.6983256340026855	0.8228315114974976	0.0645332857966423	0.6751331090927124	1.0	1	0.0	0	0.0	0	-0.04665436968207359	0.8862093091011047	0.4609299600124359	-4.4253044961806154e-07	-0.46143248677253723	0.887175440788269	0.9989110827445984	0.041390400379896164	0.021528232842683792
-1.8228595877189946e-07	2.6983256340026855	0.8389517664909363	0.0645332857966423	0.6858338117599487	1.0	1	0.0	0	0.0	0	-0.04665436968207359	0.8862093091011047	0.4609299600124359	-4.4253044961806154e-07	-0.46143248677253723	0.887175440788269	0.9989110827445984	0.041390400379896164	0.021528232842683792
-1.8228595877189946e-07	2.6983256340026855	0.8389517664909363	0.0645332857966423	0.6858338117599487	1.0	1	0.0	0	0.0	0	-0.06303561478853226	0.7798582315444946	0.6227741241455078	6.334823865472572e-07	-0.6240150928497314	0.7814123034477234	0.9980113506317139	0.04925720766186714	0.03933468461036682
-0.20270328223705292	2.5155866146087646	1.0472664833068848	0.08593478053808212	0.6751331090927124	1.0	1	0.0	0	0.0	0	-0.06303561478853226	0.7798582315444946	0.6227741241455078	6.334824433906761e-07	-0.6240150928497314	0.7814123034477234	0.9980113506317139	0.04925720766186714	0.03933468461036682
2.8827606968206965e-09	2.5155866146087646	1.0677835941314697	0.08593478053808212	0.6858338117599487	1.0	1	0.0	0	0.0	0	-0.06303561478853226	0.7798582315444946	0.6227741241455078	6.316038820841641e-07	-0.6240151524543762	0.7814123630523682	0.9980113506317139	0.04925720393657684	0.03933468833565712
0.15926268696784973	2.6983256340026855	0.8228315711021423	0.0645333081483841	0.3541110157966614	1.0	1	0.0	0	0.0	0	0.04665420949459076	0.8862093091011047	0.4609299898147583	-4.4268384158385743e-07	-0.46143245697021484	0.8871753811836243	0.9989111423492432	-0.04139067232608795	-0.021527374163269997
-5.1375259602082224e-08	2.8341126441955566	0.5778802037239075	0.04313185065984726	0.34341028332710266	1.0	1	0.0	0	0.0	0	0.04665420949459076	0.8862093091011047	0.4609299898147583	-4.4268384158385743e-07	-0.46143248677253723	0.887175440788269	0.9989110827445984	-0.04139066860079765	-0.021527372300624847
-1.8228595877189946e-07	2.6983256340026855	0.8389517664909363	0.0645333081483841	0.34341028332710266	1.0	1	0.0	0	0.0	0	0.04665420949459076	0.8862093091011047	0.4609299898147583	-4.4407420318748336e-07	-0.46143245697021484	0.8871753811836243	0.9989111423492432	-0.04139067232608795	-0.021527374163269997
0.20270328223705292	2.5155866146087646	1.0472664833068848	0.08593479543924332	0.3541110157966614	1.0	1	0.0	0	0.0	0	0.06303562223911285	0.7798583507537842	0.622774064540863	5.99569659698318e-07	-0.6240150928497314	0.7814123034477234	0.9980112314224243	-0.04925642907619476	-0.039335645735263824
-1.8228595877189946e-07	2.6983256340026855	0.8389517664909363	0.0645333081483841	0.34341028332710266	1.0	1	0.0	0	0.0	0	0.06303562223911285	0.7798583507537842	0.622774064540863	5.976910415483871e-07	-0.6240150928497314	0.7814123034477234	0.9980112314224243	-0.04925642907619476	-0.039335642009973526
2.8827606968206965e-09	2.5155866146087646	1.0677835941314697	0.08593479543924332	0.34341028332710266	1.0	1	0.0	0	0.0	0	0.06303562223911285	0.7798583507537842	0.622774064540863	5.995696028548991e-07	-0.6240150928497314	0.7814123034477234	0.9980112314224243	-0.04925642907619476	-0.039335645735263824
0.31240516901016235	2.6983256340026855	0.7750904560089111	0.0645333081483841	0.3648117482662201	1.0	1	0.0	0	0.0	0	0.13810768723487854	0.8858112096786499	0.44301775097846985	0.16855134069919586	-0.4618002772331238	0.8708220720291138	0.975969672203064	-0.04559597745537758	-0.21308284997940063
